1.0
0.9980267284282716
0.9921147013144779
0.9822872507286887
0.9685831611286311
0.9510565162951535
0.9297764858882515
0.9048270524660195
0.8763066800438636
0.8443279255020151
0.8090169943749475
0.7705132427757893
0.7289686274214116
0.6845471059286886
0.6374239897486896
0.5877852522924731
0.5358267949789965
0.48175367410171516
0.42577929156507266
0.3681245526846781
0.30901699437494745
0.24868988716485496
0.18738131458572474
0.12533323356430426
0.06279051952931353
6.123233995736766e-17
-0.0627905195293134
-0.12533323356430437
-0.18738131458572482
-0.24868988716485463
-0.30901699437494734
-0.368124552684678
-0.4257792915650727
-0.48175367410171543
-0.5358267949789969
-0.587785252292473
-0.6374239897486897
-0.6845471059286887
-0.7289686274214113
-0.7705132427757891
-0.8090169943749473
-0.8443279255020151
-0.8763066800438634
-0.9048270524660194
-0.9297764858882513
-0.9510565162951535
-0.9685831611286311
-0.9822872507286887
-0.9921147013144778
-0.9980267284282716
-1.0
-0.9980267284282716
-0.9921147013144779
-0.9822872507286886
-0.9685831611286311
-0.9510565162951535
-0.9297764858882512
-0.9048270524660195
-0.8763066800438637
-0.8443279255020152
-0.8090169943749476
-0.7705132427757893
-0.7289686274214116
-0.684547105928689
-0.6374239897486895
-0.5877852522924732
-0.5358267949789963
-0.48175367410171527
-0.42577929156507216
-0.3681245526846778
-0.30901699437494756
-0.2486898871648553
-0.18738131458572463
-0.1253332335643046
-0.06279051952931321
-1.8369701987210297e-16
0.06279051952931283
0.12533323356430423
0.18738131458572427
0.24868988716485493
0.30901699437494723
0.36812455268467825
0.4257792915650726
0.4817536741017157
0.535826794978996
0.5877852522924729
0.6374239897486893
0.6845471059286886
0.7289686274214112
0.7705132427757894
0.8090169943749473
0.8443279255020153
0.8763066800438636
0.9048270524660197
0.9297764858882515
0.9510565162951535
0.968583161128631
0.9822872507286887
0.9921147013144778
0.9980267284282716
1.0
0.9980267284282716
0.9921147013144779
0.9822872507286887
0.9685831611286311
0.9510565162951536
0.9297764858882513
0.9048270524660196
0.8763066800438634
0.8443279255020151
0.809016994374947
0.770513242775789
0.728968627421411
0.6845471059286884
0.6374239897486896
0.5877852522924727
0.5358267949789972
0.48175367410171616
0.42577929156507305
0.36812455268467875
0.30901699437494773
0.2486898871648554
0.18738131458572474
0.12533323356430473
0.06279051952931332
3.061616997868383e-16
-0.06279051952931271
-0.12533323356430412
-0.18738131458572502
-0.24868988716485482
-0.3090169943749471
-0.3681245526846773
-0.4257792915650733
-0.4817536741017156
-0.5358267949789967
-0.5877852522924729
-0.6374239897486905
-0.6845471059286892
-0.7289686274214118
-0.7705132427757893
-0.8090169943749472
-0.8443279255020147
-0.876306680043863
-0.9048270524660189
-0.9297764858882515
-0.9510565162951534
-0.968583161128631
-0.9822872507286885
-0.9921147013144779
-0.9980267284282716
-1.0
-0.9980267284282716
-0.992114701314478
-0.9822872507286886
-0.9685831611286311
-0.9510565162951536
-0.9297764858882517
-0.9048270524660192
-0.8763066800438635
-0.8443279255020151
-0.8090169943749477
-0.7705132427757886
-0.7289686274214111
-0.6845471059286884
-0.6374239897486897
-0.5877852522924735
-0.5358267949789958
-0.48175367410171627
-0.425779291565074
-0.36812455268467803
-0.30901699437494784
-0.24868988716485554
-0.18738131458572574
-0.12533323356430395
-0.06279051952931344
-4.286263797015736e-16
0.0627905195293126
0.12533323356430312
0.1873813145857249
0.2486898871648547
0.309016994374947
0.3681245526846772
0.4257792915650732
0.4817536741017155
0.5358267949789965
0.5877852522924728
0.6374239897486904
0.6845471059286892
0.7289686274214117
0.7705132427757891
0.8090169943749471
0.8443279255020156
0.876306680043863
0.9048270524660189
0.9297764858882513
0.9510565162951534
0.968583161128631
0.9822872507286885
0.9921147013144779
0.9980267284282716
1.0
0.9980267284282716
0.992114701314478
0.9822872507286886
0.9685831611286312
0.9510565162951543
0.9297764858882517
0.90482705246602
0.8763066800438635
0.8443279255020161
0.8090169943749477
0.7705132427757898
0.7289686274214111
0.6845471059286898
0.6374239897486899
0.5877852522924736
0.5358267949789959
0.4817536741017164
0.4257792915650725
0.36812455268467814
0.30901699437494623
0.24868988716485566
0.18738131458572413
0.1253332335643041
0.06279051952931179
5.51091059616309e-16
-0.06279051952931425
-0.12533323356430298
-0.18738131458572477
-0.2486898871648546
-0.30901699437494856
-0.3681245526846771
-0.4257792915650715
-0.4817536741017154
-0.5358267949789949
-0.5877852522924727
-0.637423989748689
-0.6845471059286891
-0.7289686274214104
-0.770513242775789
-0.8090169943749471
-0.8443279255020155
-0.8763066800438629
-0.9048270524660196
-0.9297764858882513
-0.951056516295154
-0.9685831611286309
-0.9822872507286887
-0.9921147013144779
-0.9980267284282717
-1.0
-0.9980267284282716
-0.992114701314478
-0.9822872507286886
-0.9685831611286312
-0.9510565162951532
-0.9297764858882511
-0.9048270524660209
-0.8763066800438636
-0.8443279255020152
-0.8090169943749478
-0.7705132427757899
-0.7289686274214124
-0.68454710592869
-0.6374239897486885
-0.5877852522924751
-0.535826794978996
-0.48175367410171493
-0.4257792915650726
-0.36812455268467825
-0.30901699437494806
-0.24868988716485577
-0.1873813145857225
-0.12533323356430598
-0.06279051952931192
-2.4499125789312946e-15
0.06279051952931412
0.12533323356430462
0.18738131458572466
0.24868988716485446
0.3090169943749468
0.368124552684677
0.4257792915650714
0.4817536741017137
0.5358267949789949
0.587785252292474
0.6374239897486875
0.684547105928689
0.7289686274214116
0.770513242775789
0.809016994374947
0.8443279255020145
0.8763066800438629
0.9048270524660202
0.9297764858882506
0.9510565162951539
0.9685831611286313
0.9822872507286887
0.9921147013144779
0.9980267284282716
1.0
0.9980267284282714
0.992114701314478
0.9822872507286884
0.9685831611286316
0.9510565162951533
0.9297764858882511
0.9048270524660194
0.8763066800438636
0.8443279255020153
0.8090169943749479
0.7705132427757899
0.7289686274214126
0.6845471059286901
0.6374239897486886
0.5877852522924751
0.5358267949789961
0.48175367410171505
0.4257792915650727
0.36812455268467836
0.3090169943749482
0.2486898871648559
0.1873813145857226
0.1253332335643061
0.06279051952931204
-9.803364199544708e-16
-0.062790519529314
-0.1253332335643045
-0.18738131458572455
-0.24868988716485435
-0.3090169943749467
-0.36812455268467686
-0.4257792915650745
-0.4817536741017136
-0.5358267949789948
-0.5877852522924739
-0.6374239897486874
-0.6845471059286888
-0.7289686274214114
-0.7705132427757889
-0.8090169943749469
-0.8443279255020144
-0.8763066800438628
-0.9048270524660202
-0.9297764858882506
-0.9510565162951539
-0.9685831611286313
-0.9822872507286887
-0.9921147013144778
-0.9980267284282716
-1.0
-0.9980267284282714
-0.992114701314478
-0.9822872507286884
-0.9685831611286317
-0.9510565162951533
-0.9297764858882512
-0.9048270524660195
-0.8763066800438637
-0.8443279255020154
-0.8090169943749479
-0.77051324277579
-0.7289686274214127
-0.6845471059286901
-0.6374239897486887
-0.5877852522924752
-0.5358267949789962
-0.4817536741017151
-0.4257792915650728
-0.3681245526846785
-0.3090169943749483
-0.24868988716485602
-0.18738131458572274
-0.1253332335643062
-0.06279051952931217
-2.6948419387607653e-15
0.06279051952931387
0.1253332335643044
0.1873813145857244
0.24868988716485424
0.30901699437494656
0.36812455268467675
0.4257792915650744
0.4817536741017135
0.5358267949789947
0.5877852522924738
0.6374239897486873
0.6845471059286887
0.7289686274214113
0.7705132427757888
0.8090169943749469
0.8443279255020144
0.8763066800438628
0.9048270524660201
0.9297764858882506
0.9510565162951539
0.9685831611286312
0.9822872507286887
0.9921147013144778
0.9980267284282716
