-0.26706095790298257
2.0170076657888467
1.0786934563653687
1.510034127958098
3.4424154512604153
0.7682934777218813
1.6296891655268022
1.0118440386101748
1.2889497928918754
0.5328353345839535
-1.3038815363678506
0.1758453788105555
-0.4576241523014368
0.2793924188259816
0.6765184258460291
-0.5438371560618036
0.7901132123330818
1.798031102443274
1.2357286433626156
1.3698024183418953
0.23427503686067974
1.0123942730802968
0.09354108249654655
1.8732446814366759
-1.013490987082101
-1.1859597894756375
0.16698907369983312
-0.5725719755441767
0.040270901750759175
-0.36626897585048757
1.2896224869763477
0.3924245853932726
-1.7987725663072722
-0.2152065935926596
-0.744893613491102
-0.5603252874576534
-3.0574318241056115
-0.44795090643661656
1.0591828375865666
-0.8571636761546447
-1.8497843299918615
0.1372205323080935
1.0287212402058103
-1.3731254625616391
-0.5258648093306496
-1.0260059777570378
0.4096247870135292
-2.4240838353902667
0.09082303998215147
0.4973764726769716
-1.6101403642211065
-0.19842562449410361
-1.996448511860788
-1.1224873831955182
-0.7399538149837124
-2.7410137515154407
-1.0322571845961006
-0.8760567028153673
-1.4459235653827314
-1.7596013747869974
-2.0545260518669477
-0.3376057761580781
-0.9440420651959411
-0.01636401074918703
-1.7227057193378512
0.2551170392943286
-0.18923168769629767
-0.720603356475018
-0.4886729672172976
-0.1883702287424361
-0.8291042129791032
-0.6503313848515434
-0.11237699624858356
-0.47919712950147425
0.9020164853711555
-1.7716597380919838
-0.6959505874942725
-0.42188420207967403
0.11685468676475337
-0.9388148039073444
2.1693597755521856
-0.4053520597032205
0.7575132621308608
1.0478141165383559
0.12742304175598074
1.2219580667092842
1.9972933419253658
0.6992737979459465
1.7283006359501516
2.4240170325131256
0.7294967500260826
0.15554338637859555
-0.0010516035972283344
-1.455125887944496
2.604723269207135
1.9429326248853096
3.677675550450411
1.7419788665376297
0.3224313071916224
1.4762766513956447
1.4189578099871594
0.01967127401613522
3.6537807767975283
0.33365279869809406
2.209439290734182
1.0699648253227545
2.0858047366816184
1.540208105664122
-0.8304526981626091
0.9793469134363464
-0.7411933923407699
0.07530207777102138
0.5383629329839148
-0.454487073881055
2.236429138158966
0.8685570405333078
2.470339824380119
0.7531785354978963
-1.1619238659025615
-0.4911755263082203
0.727707391792095
1.3998543807819184
-1.8440582232957428
-1.5180147631868959
0.26282659987026
-0.6715149680260214
0.6349604869910427
-1.554986317244536
-0.04608827782069047
0.4280750591518796
-0.32097670830895625
-0.9585664407942305
-1.429347642595439
0.03345106393769398
1.3679068510428452
-1.885166158342201
-1.7197605605997288
-1.3743004864767685
-1.2923504701315132
-0.6030024987704612
-1.052416892877985
-1.6040820976347727
-3.0873753441435037
1.0111426345178196
0.5062110609471814
-0.14578906196768182
-1.477527502525489
-0.794816099877557
-1.023991245796569
-1.3003623669695257
-0.20805903091566935
1.3972109084611362
-1.9236249402282701
-1.4019428219338441
-2.939177056580281
-1.8672576702373327
-0.6764260248660983
-0.08711985516087006
-0.7774953850143067
-1.9985254971635058
-0.9499350518729199
0.0007865419779869987
-1.393368456117877
-0.16961714267629313
-1.8165456925748746
-2.125026422802062
-0.5352832794537209
-1.1736692241005569
-1.67754207993953
-1.4739456489554148
0.9809586469527525
-1.643633282440774
-0.3788851838355316
0.5756607655157584
-1.2631498155194247
0.09297203454741824
-0.4981844228288759
-0.9608850526160841
-0.3248965670947783
-1.212567188365678
1.5030601216416577
-0.5483411000967113
0.9116054883722323
0.09379466313139811
3.3832320607864537
0.8620638626322662
0.7986587665595836
-0.04256636236566014
0.7788811672826693
2.8302912181079742
0.677709499291278
0.24784132995410413
-0.666767243789602
1.9134965942282718
0.6568319418168941
1.0852688898372498
1.3055365545006394
2.233532326391946
0.17184411332076965
1.4980604511142754
1.7912549579611317
0.5049358098098773
-0.9872487546776836
1.6467042930441753
1.5804213647395102
-0.2964380331277774
0.8918935551905232
1.601676832683229
1.4858261768722087
1.829863427895951
1.2332901166240346
1.6462484626157048
0.5576968025053679
0.4686922717438795
0.05931259409393941
0.781384089309333
0.05987269912670584
0.7136208925328881
0.5704753593835798
0.7230749370186742
1.1861402410207584
-0.98746722346173
-0.8086196681087541
-1.257221351481482
1.6262695626969557
0.8446692768946412
-0.09422719124318993
0.6177831433994503
-0.547480511940379
0.3630848020985721
-1.7002186387747529
-0.7040845862962523
-1.1318179745242185
-0.37940058868035165
-0.7320258630535366
-0.5941171143125541
-1.1859286948109784
-0.23855525040823972
-1.1442928948710147
-2.035202124002076
-1.8347049336644683
1.39637286316408
-2.6365543049721603
-1.405680653633729
0.6071848312559114
-0.36185818842701367
0.23424123125317675
-0.7984107594792478
-1.491379459560041
-3.496800351645349
-0.9026655159249776
-0.48275111139307225
-0.04066954237578968
-2.3052773813000065
1.7488849604017749
-1.8513910880547457
-0.3493411165187945
0.1440758230073067
-2.414973232338337
-0.4889230336132532
-1.0086928891115208
-0.0207548531740811
-0.11547444493285342
-1.8796631641055241
1.0255209655019502
0.023135607043319184
-0.09876107887462471
0.549289423405543
0.6399876713065116
-0.6314071562302523
0.5381239740784678
-0.7185051254569742
-1.0364495557426654
0.8431323175106815
-1.7998271425405266
0.2895576632587275
0.7824739710605315
1.3309198993000184
0.5717942700656121
-2.3675797855091907
-1.0522639844416215
0.6877607045117744
-0.017700358824000395
0.9030604041020607
0.17668332132749903
0.5143243059464739
0.01901113235755847
0.33583968910428724
1.4067404190448591
1.7738609278044086
1.4566043772592892
-0.9506787012840477
1.1456546019455516
-0.329252681289675
0.5816568029948933
2.492909150452125
1.6416929627664558
2.1503742582543035
1.3771268998411044
-0.1866245072120012
1.519869277028048
-0.06822152849288343
0.1955668219864075
-0.7923876669470529
0.8558435166737902
0.6998814598751188
1.2281071839203708
-0.10657666947453714
0.06717601983919697
1.3598108894171173
1.8907160350455474
0.544723586761327
0.14346340796692003
2.1586088706621203
-0.005359133978372066
0.6891369683879417
0.4811491783375102
2.3183977407305965
0.7349305083440525
0.8915112982813548
1.714340796508512
-0.9471904772159838
-0.6915131567422931
0.4787477622187709
0.5735132408069319
-0.9010416960619647
-0.5035476918778689
-0.5066082702820439
1.9985676060451685
-0.0531668075790242
-0.8480665411993653
-0.4832273836617946
-0.3363485221442571
0.9486570058029404
0.5422697789587623
-1.9905044691991653
-1.0921584148388301
-1.557364888241191
-0.8412252326601921
-1.3246839693011296
-1.056775352393631
-0.3679118323839133
0.5627226657963904
-0.7486434364887923
-2.989554009172206
-2.706138608194643
-0.3319903689658841
-1.543478599949463
-1.8611646979198615
-0.707040547786304
-1.4794399054820664
0.41736300201528664
-2.9788553622346123
-1.3704989617364491
1.697783019061829
-1.7330048895010668
-0.2661265847710904
1.63645430636972
-0.9069426448702266
-1.1731174135012075
-1.9240596839508997
-0.7673239968080593
-0.9588649514977953
-0.2393835747219778
-0.47143844530338386
-2.113103661631181
0.157285336869326
0.2596727639039217
-0.3392356438211465
0.1898229274533032
-1.1750812983927523
1.8923931256003486
-0.4951540938215785
0.9311288872550172
-1.5254417207024915
-2.249693359221899
-2.508444041033661
1.4272230556773713
0.8202942724219935
-0.0979928806193976
-1.8855550476490883
-0.511966350703444
1.642834590563296
0.977710314068384
0.25627410375579646
-0.5200764085426839
-1.1567079791657437
0.6114913180501232
0.1982874304059189
1.5072224373520693
1.3707536029837415
-0.5435347454734081
2.595012381585786
-0.7760197778737451
2.0963913928279805
-0.056847566954413065
0.4267243864374657
1.4428331809809638
0.0003858826322139519
0.10442769017611109
