2.2959411089962574
-1.2479576528965306
1.0976432967539538
-0.8018501957079325
-0.21379656830141058
1.3295860430510364
0.3972817354322058
-0.8658033119628156
-1.267091770866868
-1.0802629801975558
0.11713961185633266
0.15064503199980206
0.13620680538644597
1.7699801506707924
0.3571223739658353
-0.5314303356952996
-0.09914906286452746
-0.7704439009429951
-1.3679555995580825
-0.7442600882177786
-0.4085555478642952
-0.2014215778689903
0.37991483462780623
-0.9886443710755496
-0.4598120942827628
0.39922296313159605
0.16606627143900204
-0.07546480094495232
-2.183380014352922
-0.11237364368603109
-0.5981216708892246
0.9456367438599064
-0.8490734373920429
-0.2077071104641243
0.9168651507827722
-1.8184983770762442
-0.8038825625745464
-0.35796974847764124
-0.28770319186440285
0.44142209548002903
0.8521181316422678
1.791442377316465
-1.5964501866325362
0.032542008084171424
0.819123477655388
-0.5498226980370692
-0.12973933473687568
-0.5709825991687726
-0.9477102636312235
0.18062823061636535
-0.23962056499290987
-0.35113889704334683
-0.6993619015792194
0.26024572546967706
0.6950822576838973
-1.5486281015562917
-0.3084863709062513
-0.9588357612066879
-0.002353587289095434
1.0201247399000877
-0.3552007361731849
-0.3723036474172687
1.5705211332914137
0.13012567777930545
0.22620046323974277
-1.4112475878650068
0.5287988893592893
0.4462795797697935
-0.4183772711582157
1.1944794835791925
-0.30133622439572477
-0.4817441670995476
-0.03631704328075468
1.2277623626966128
-1.0066032320712675
1.3544297977133863
1.9268113585759266
-0.2673977821295652
-0.7732720926892112
0.918530844107292
1.230527028163634
0.18780850821174536
0.583953528943062
1.3495473164327678
0.17498988789720338
-0.7181722202809931
0.08292966282603251
-1.6270591959470484
1.4854181282996273
-0.4231670776367783
0.4016489173873401
0.6742141391868963
2.097586460244688
0.41310256826679753
-0.262175763646544
1.3820522719005468
-0.23627891702960868
-0.14864024410309237
0.4334373210050732
-0.16642515158227464
0.8355090003337663
1.2926555015196843
-0.226910088848293
0.08195100775334581
-0.9891040087828012
-0.6962900292886989
-0.047210725247398805
1.4049272163141797
0.3711024511635878
0.4859113352441005
-2.2451372976450332
-0.47160920911871657
1.2772757565649502
-0.5939361757296939
-0.13780059544752896
-1.6154554213341377
-1.0053355413556864
1.150066297073867
0.02108235968691449
-0.7350037326280121
1.9659480661025381
0.7442589870245473
-1.024189690718872
-0.34125500654133184
-0.1770255891497104
0.046751455203814005
1.9043650150678972
-0.830616851252263
2.465127293827291
-1.8846086008928713
-0.45683521073231875
-0.3457225902940649
1.176458925700221
1.3358505100076545
-1.0622515863313444
0.3711419774796131
-0.7981958505442223
-0.18688785414161868
1.0432807965401123
0.3716704786071226
0.5918165871784917
-0.31584163178803054
-0.4583828494708062
-0.25142916699078355
0.44175619996306387
0.3719349181529822
0.7704760068678475
-0.3866717141709384
-0.8099059653206104
-0.5122594993860988
-1.6052271238820697
1.2969813447787448
0.5110919900771771
-1.1176835844955726
-1.5538870199670969
-1.70928037721665
-1.5873883691040416
0.8354683842206391
-1.5871987392147453
-0.8964043365140468
0.6231304825960239
-0.44620542686685777
0.43802873223173233
-0.16626885246385392
-0.9898685886249623
1.0067438939400175
-0.7400701332455882
1.6375334203983345
1.1802066507051292
1.3198520898920072
-1.5112709399466833
0.2842253882795621
-0.3903177419992221
0.6718900646262305
-0.02740356436759039
-0.7947480259140511
-1.252375112799828
-1.1964343333746568
-0.4688059846760242
0.7002721769400264
0.28940449671101126
0.3945928103065631
-0.7781609168984903
0.673409208576518
-1.1251786301188225
0.13625017201668374
-0.16540918232990753
-0.20443554322747798
-0.8531785593351727
1.8600626148032395
-1.7760539368776813
-1.3644941949872764
1.4151957629842287
-0.7188801493507797
0.9910041785842193
-0.3515877240279505
1.784931370604359
-0.9895008292633408
1.3313240131538382
-0.864370415530816
-0.5620231481402854
0.10582201992230687
1.7836256088339904
-0.949890053362335
1.445026717803751
0.3172986297482993
-0.18787052310811003
0.11393355179639857
-0.13214266178443107
0.5171548759773823
-0.24970289052997627
0.8736434520208078
-2.094843014804869
-0.9481842553643087
0.14244277775924055
0.11353088498984613
-1.2845345982284702
1.601537417200643
0.6411567700120847
-0.10684016902548375
1.9393983297680213
0.8437422788202852
0.1329879854191248
0.003741306740425848
1.2899432388317742
0.9451543267189528
0.0714776270784322
1.3969118536615004
-1.3052225903325474
-1.5709156951375227
-0.2756724019150634
-1.2032571737361761
0.8755658915962758
-0.44184274501796866
1.1267480289782987
0.7545427094168322
1.016940799884204
0.3481325628583346
0.05379633971355014
-0.7997216650056348
0.611880497163622
-0.38862502151260986
0.5505076138001042
0.07910806438640808
-1.0012595404291071
-0.5040533833587125
-0.27124299255728485
-0.207926771610822
1.6289254680449325
-0.4672203800763852
-1.6804076397815217
-2.0889682756706884
1.7191259256287197
-0.4937698407685629
0.10970649244083956
-2.142002867328379
-1.268592560522843
-0.06872409599571935
0.31741879396414774
-2.1809445633321936
-0.15653130489515638
0.04453058268324261
0.6402642132518284
0.6136378241862263
-0.16825323060031222
-0.8527930903237402
-0.09368220332615976
0.2757252206154796
-0.8541481776817325
0.05084656128841554
0.4285602091510278
-0.5566421005649804
0.5894202506938294
1.0132490131848224
0.1392580113872655
0.1555143719229078
0.34658497469214355
0.1981847963107132
-0.9870147837484904
1.38529034417968
0.5942607666507722
0.6215593743154048
0.5251258451618677
-0.2944556579627855
0.19365083263275001
0.050373017797661186
1.0416146777210733
0.07738143183467838
0.2834060552767328
-0.6894858783698676
0.17860512224714387
1.1092343147903074
0.46141683632561914
0.3215437699402663
-0.4583027721044671
-0.2069283918476606
0.8758379751059082
0.8891766957670926
-0.23260641575373667
-0.1620881231249602
1.3943023692731427
-0.9089575803030285
0.16360775856263338
-0.42932599748267697
-0.35815986391370724
-0.6005651468348363
-0.7377876721011587
-0.8544166333203073
-1.177717102615331
0.26612043406050034
-0.055466171929138594
0.3307815666130563
-1.6592105348294137
0.7640917913488345
1.9952147293638554
0.29776560116635475
-0.6268571510050656
0.354988714996626
-0.4026240933418738
-1.1729206350395667
0.06098093984635531
1.562848066585636
-0.37175902831255375
0.5085549037229912
-0.18877984709452175
-0.17793609882757408
-0.4228693768247113
0.21656854814220883
0.6016865831419772
0.39180874643714714
0.7029772091575472
0.8771925443077271
-0.3863836636316102
-0.43678761622720547
-1.421348120836412
-0.2371021627838279
2.8229910366583915
-1.2836772176917897
-0.8656718759769818
-0.7865622353592765
-0.055272917422801396
0.37049325531975863
-0.7244313815651988
0.9280751097413272
0.8950218108366655
0.37501104782830125
1.4518444712676402
1.958205829636269
-0.2245176551344593
-1.6614193578229324
-0.1536909756940912
-0.11811096137916634
0.9679864835692964
-0.3018518052759789
-0.1653320475798475
-0.2783806413801852
2.193944885911249
-1.01213369255292
0.16744579634660728
-1.5758790399190128
1.2421766316658707
-0.8440793523912358
0.679232611318883
-0.817099629654298
-1.9915205093974313
0.17079436250628963
-0.2009096630424269
0.8215126616639522
-0.05551396934464045
-0.9888917226469637
-1.240774462220025
0.1609284710640179
-0.7712953930126072
0.6993673741050748
0.48951936020442016
-1.4389002385327867
-0.9054319838460863
1.286366116419636
-0.1220817308730772
0.32545867732589095
1.2557191871221756
-0.4449466066423234
-0.0553101294484182
-0.591333594789234
0.5095342776934804
1.3691572101463412
0.8824128153228435
-1.163094206879667
-0.7117185504685665
0.29751204196041936
-0.4983819634093339
-0.5268556599871523
-0.5154896566843687
0.4230772057825445
-0.6270712030315867
0.1302443302210656
-1.2439701168541868
-0.11224229643879848
-0.3379682564844038
2.415923258320481
