0.0
0.06279051952931337
0.12533323356430426
0.1873813145857246
0.2486898871648548
0.3090169943749474
0.3681245526846779
0.4257792915650727
0.4817536741017153
0.5358267949789967
0.5877852522924731
0.6374239897486896
0.6845471059286886
0.7289686274214116
0.7705132427757893
0.8090169943749475
0.8443279255020151
0.8763066800438637
0.9048270524660196
0.9297764858882513
0.9510565162951535
0.9685831611286311
0.9822872507286886
0.9921147013144779
0.9980267284282716
1.0
0.9980267284282716
0.9921147013144778
0.9822872507286886
0.9685831611286312
0.9510565162951536
0.9297764858882513
0.9048270524660195
0.8763066800438635
0.844327925502015
0.8090169943749475
0.7705132427757893
0.7289686274214114
0.6845471059286888
0.6374239897486899
0.5877852522924732
0.5358267949789967
0.4817536741017156
0.4257792915650729
0.36812455268467814
0.3090169943749475
0.24868988716485482
0.18738131458572457
0.12533323356430454
0.06279051952931358
1.2246467991473532e-16
-0.06279051952931335
-0.12533323356430429
-0.18738131458572477
-0.24868988716485502
-0.30901699437494773
-0.3681245526846783
-0.42577929156507266
-0.481753674101715
-0.5358267949789964
-0.587785252292473
-0.6374239897486896
-0.6845471059286887
-0.7289686274214113
-0.7705132427757894
-0.8090169943749473
-0.8443279255020153
-0.8763066800438636
-0.9048270524660198
-0.9297764858882515
-0.9510565162951535
-0.968583161128631
-0.9822872507286887
-0.9921147013144778
-0.9980267284282716
-1.0
-0.9980267284282716
-0.9921147013144779
-0.9822872507286887
-0.9685831611286311
-0.9510565162951536
-0.9297764858882512
-0.9048270524660196
-0.8763066800438634
-0.8443279255020155
-0.8090169943749476
-0.7705132427757896
-0.7289686274214116
-0.684547105928689
-0.6374239897486896
-0.5877852522924734
-0.5358267949789963
-0.4817536741017153
-0.4257792915650722
-0.36812455268467786
-0.3090169943749477
-0.24868988716485535
-0.18738131458572468
-0.12533323356430465
-0.06279051952931326
-2.4492935982947064e-16
0.06279051952931278
0.12533323356430418
0.1873813145857242
0.24868988716485488
0.3090169943749472
0.3681245526846782
0.42577929156507255
0.48175367410171566
0.5358267949789967
0.5877852522924736
0.6374239897486899
0.6845471059286893
0.7289686274214118
0.7705132427757893
0.8090169943749478
0.8443279255020147
0.8763066800438631
0.9048270524660194
0.9297764858882511
0.9510565162951535
0.968583161128631
0.9822872507286886
0.9921147013144778
0.9980267284282716
1.0
0.9980267284282716
0.9921147013144779
0.9822872507286886
0.9685831611286311
0.9510565162951536
0.9297764858882517
0.9048270524660192
0.8763066800438634
0.8443279255020151
0.8090169943749477
0.7705132427757886
0.728968627421411
0.6845471059286884
0.6374239897486897
0.5877852522924734
0.5358267949789972
0.4817536741017162
0.42577929156507394
0.368124552684678
0.3090169943749478
0.2486898871648555
0.18738131458572568
0.1253332335643039
0.06279051952931339
3.6739403974420594e-16
-0.06279051952931265
-0.12533323356430318
-0.18738131458572496
-0.24868988716485477
-0.30901699437494706
-0.36812455268467725
-0.42577929156507327
-0.48175367410171555
-0.5358267949789965
-0.5877852522924728
-0.6374239897486905
-0.6845471059286892
-0.7289686274214118
-0.7705132427757893
-0.8090169943749472
-0.8443279255020156
-0.876306680043863
-0.9048270524660189
-0.9297764858882513
-0.9510565162951534
-0.968583161128631
-0.9822872507286885
-0.9921147013144779
-0.9980267284282716
-1.0
-0.9980267284282716
-0.992114701314478
-0.9822872507286886
-0.9685831611286312
-0.9510565162951538
-0.9297764858882517
-0.9048270524660192
-0.8763066800438635
-0.8443279255020151
-0.8090169943749477
-0.7705132427757886
-0.7289686274214111
-0.6845471059286885
-0.6374239897486897
-0.5877852522924735
-0.5358267949789958
-0.4817536741017163
-0.42577929156507405
-0.3681245526846781
-0.3090169943749479
-0.2486898871648556
-0.1873813145857258
-0.125333233564304
-0.06279051952931351
-4.898587196589413e-16
0.0627905195293143
0.12533323356430304
0.18738131458572485
0.24868988716485466
0.30901699437494523
0.36812455268467714
0.42577929156507155
0.48175367410171543
0.535826794978995
0.5877852522924727
0.6374239897486891
0.6845471059286891
0.7289686274214104
0.7705132427757891
0.8090169943749471
0.8443279255020155
0.876306680043863
0.9048270524660196
0.9297764858882513
0.951056516295154
0.9685831611286309
0.9822872507286888
0.9921147013144779
0.9980267284282717
1.0
0.9980267284282716
0.992114701314478
0.9822872507286886
0.9685831611286312
0.9510565162951532
0.9297764858882518
0.90482705246602
0.8763066800438635
0.8443279255020162
0.8090169943749478
0.7705132427757898
0.7289686274214112
0.6845471059286898
0.6374239897486899
0.5877852522924736
0.5358267949789959
0.48175367410171643
0.42577929156507255
0.3681245526846782
0.3090169943749463
0.2486898871648557
0.18738131458572418
0.12533323356430415
0.06279051952931186
6.123233995736766e-16
-0.06279051952931418
-0.12533323356430293
-0.1873813145857247
-0.24868988716485452
-0.3090169943749485
-0.3681245526846787
-0.42577929156506983
-0.4817536741017153
-0.5358267949789964
-0.5877852522924726
-0.637423989748689
-0.6845471059286877
-0.7289686274214103
-0.7705132427757901
-0.809016994374946
-0.8443279255020155
-0.8763066800438638
-0.9048270524660196
-0.9297764858882513
-0.9510565162951534
-0.9685831611286309
-0.982287250728689
-0.9921147013144777
-0.9980267284282717
-1.0
-0.9980267284282716
-0.9921147013144778
-0.9822872507286887
-0.9685831611286312
-0.9510565162951538
-0.9297764858882518
-0.9048270524660201
-0.8763066800438645
-0.8443279255020162
-0.8090169943749468
-0.770513242775791
-0.7289686274214113
-0.6845471059286886
-0.63742398974869
-0.5877852522924737
-0.5358267949789975
-0.48175367410171654
-0.42577929156507105
-0.36812455268468
-0.3090169943749464
-0.2486898871648541
-0.1873813145857243
-0.12533323356430426
-0.06279051952931375
-7.347880794884119e-16
0.06279051952931583
0.12533323356430282
0.18738131458572635
0.24868988716485269
0.3090169943749484
0.3681245526846786
0.42577929156507294
0.4817536741017152
0.5358267949789963
0.5877852522924725
0.6374239897486889
0.6845471059286876
0.7289686274214102
0.7705132427757901
0.8090169943749459
0.8443279255020154
0.8763066800438637
0.9048270524660195
0.9297764858882512
0.9510565162951533
0.9685831611286309
0.982287250728689
0.9921147013144775
0.9980267284282717
1.0
0.9980267284282716
0.9921147013144778
0.9822872507286887
0.9685831611286312
0.9510565162951539
0.9297764858882518
0.9048270524660187
0.8763066800438645
0.8443279255020163
0.8090169943749469
0.7705132427757911
0.7289686274214113
0.6845471059286887
0.6374239897486901
0.5877852522924738
0.5358267949789977
0.48175367410171666
0.42577929156507116
0.3681245526846801
0.30901699437494656
0.24868988716485424
0.1873813145857244
0.1253332335643044
0.06279051952931387
8.572527594031472e-16
-0.0627905195293157
-0.12533323356430268
-0.1873813145857262
-0.24868988716485257
-0.3090169943749483
-0.3681245526846785
-0.4257792915650728
-0.4817536741017151
-0.5358267949789962
-0.5877852522924725
-0.6374239897486887
-0.6845471059286875
-0.7289686274214102
-0.77051324277579
-0.8090169943749459
-0.8443279255020154
-0.8763066800438637
-0.9048270524660195
-0.9297764858882512
-0.9510565162951533
-0.9685831611286309
-0.982287250728689
-0.9921147013144775
-0.9980267284282717
-1.0
-0.9980267284282716
-0.9921147013144778
-0.9822872507286887
-0.9685831611286313
-0.9510565162951539
-0.9297764858882519
-0.9048270524660187
-0.8763066800438646
-0.8443279255020163
-0.8090169943749469
-0.7705132427757911
-0.7289686274214114
-0.6845471059286888
-0.6374239897486902
-0.5877852522924739
-0.5358267949789978
-0.48175367410171677
-0.42577929156507127
-0.3681245526846802
-0.3090169943749467
-0.24868988716485435
-0.18738131458572455
-0.1253332335643045
-0.062790519529314
