-0.6009387168832282
0.9675155293423263
-1.2940891347984032
2.9934000214229375
1.156317012645383
-1.0936323399641652
0.2805210945566134
-0.2895929604443928
0.746008866784118
1.6044045359878036
1.7484190146851628
0.2251308980699353
2.3570744159820434
-0.31610739537830046
0.007052898773923677
-2.032805901107842
2.5668534157462393
3.521385485639306
0.7857881677772722
1.2595070841412719
-0.41794245326587764
2.0274060981410784
-0.43513401406803465
1.1031490461903064
1.5795695653551936
-0.665947546740153
1.226650881039101
1.0335614344428778
-0.08391473236958236
-0.9813026487473865
1.4435411204837219
2.1490077004174335
0.8145416656069803
-0.23227398027023094
1.4378842097936817
1.0297288619253517
1.7134066840574853
0.11978141741081627
-0.1898748015444679
2.3935354540376155
1.5911408356683965
1.0332339059834754
-2.1727324780070645
1.698590977343482
1.7750668653211377
1.1266885241312399
1.942609136148125
-0.854550730672867
0.5903941580671015
0.6031980141440103
-0.25843883784950844
-1.6695786468055607
-1.5621945858470991
0.2307487467378458
1.5661508747252304
-1.723880572226735
-0.9603617464806553
-1.102550539328087
0.2852844391309256
-1.147956659526602
-0.8387038651096005
-0.5880705837311285
-0.15947473166266168
-0.49614473715252333
0.6448317313062893
2.294021264320584
-2.364844001290458
-0.5425375362642838
2.1204889079190252
-1.6588249290809904
-1.1459277009826392
-0.6578867634234851
-1.6082143335024797
-1.7096528972080582
-0.33545841587908165
-1.563782958910854
-2.301747193714646
-0.3026207319476685
-1.618075393111459
-1.584995812971358
-2.0335146783653313
-0.3111639007130793
-0.3317496302163593
-0.9842960621995898
0.6427908055977034
0.2667063712936376
-0.5342179415934502
1.3025785691259053
0.6917066871081137
-1.537976827555683
0.7398729769304517
-0.4462210427471025
-1.4924022971068633
0.5245114629171231
-0.5556238958174514
0.11274113899053861
-0.5653030852816667
-1.5849984342804542
0.4946953608692704
-0.2506512872271553
1.0190817669731465
0.4304724163470034
-1.3166536217049276
-0.8018110236793567
-0.8939410428614769
-1.7150993231919516
2.3983189929644744
1.2437359595266622
0.16804164147395478
0.28726144154825856
1.26523351998102
0.1094471739376095
-1.2490922993055964
0.937869086837596
-1.2971176106477158
0.6356810018533469
0.7824665408655735
1.2337237263102296
1.7779501838981684
0.17418981512964704
1.4413355610970122
-0.21203848905033007
1.7403046298935716
2.0256378207764123
0.22415455139296891
2.1983149363998695
1.345873518895595
1.3115917666912569
-1.7637407058290104
1.0159806348792455
0.6442318213807804
1.669840690924372
-0.5802392184971751
0.7645252188998815
-0.7620990949015354
-0.31491684938197784
1.4838305291501532
0.09058505019968555
1.0825929809401502
0.5388071794666085
-0.3703851458908728
0.840562440576696
-0.04789750381668967
2.776243553462906
1.329445152854741
-0.7123936273981911
0.28952124742964497
0.12982991275132671
-0.38898269430122756
-0.05770469383606082
-0.086200108914927
1.8249085245117962
0.10542008880938711
-0.7901405101776114
-1.306864825393548
0.031370163052454825
-1.4373340458619253
-1.4960057120078103
0.19520686172430213
-2.361222816793513
-1.5917585258517692
0.4488833689847186
-2.0549989787108567
-3.1721557435722403
-0.7800933781946335
-2.3974367527261444
-2.7379973192344322
-0.9271370354543467
1.0172686992044522
0.8044507818719675
-0.6859945208268848
-0.30016386102274606
0.5218362018184602
-2.551496240766636
-1.5017090899043475
-1.2881266603254695
0.7693769492552658
-1.072622658985013
-0.3991217718096447
-0.7153641913412503
-3.342447973404669
-0.4244633653674589
0.54511915098927
-3.245129922167341
-0.7643428202557944
-1.620089792900139
-0.3501994280108417
-0.8219605361321456
-0.9154185353540036
-0.9993664007568346
-3.3458528599529735
-0.10485255156404405
-0.4078085007623819
0.9161919089122306
-1.4759264097577827
-0.8803834870352013
-0.8039727496690977
-0.5970759787262465
-0.2835026925344182
0.44084979246751227
0.40437860967787753
2.0626192102104093
-1.5914842076425195
0.4317997904284452
1.614673540832681
-0.032598132982422756
2.116836954884632
0.4649653613107343
-0.5447442882580085
-1.258672423394558
1.0058767862147706
-0.28614729376321946
0.7980064207612999
1.7969552785637017
-1.0908953386980418
0.40344791971455995
1.7526671263665163
0.5903910994810233
0.07695968589341351
0.44006066351526973
2.241341043270852
0.6467550643451849
0.6924840430096526
1.1486356247412726
3.6542124345223588
0.8759079493853699
0.09977223516060796
-0.31686402588481855
-0.8346476522347384
-0.1681377809279757
1.2940814601149588
1.0773605979338878
1.7730728768147197
0.25784873731899494
0.6558627654791926
0.9911807778559056
0.6360416625943186
0.648472197017901
2.2158963893956427
2.2405038778941253
0.7469227021147005
0.5454953826652512
2.4620318505407606
0.8504626670944895
-0.015080183917241086
1.361517546694996
0.7022145991689487
0.60515254147701
0.2165175376751577
-1.0611518286111254
-0.2885285386810939
0.104795854307643
-0.04150519453318298
-0.7891084998934937
1.4355349607417396
-0.00891505136845111
-0.22170726515062147
-0.5477945610529225
-1.2670384917765103
-1.1206907983735892
-1.0254620016831912
-0.0636908849397354
-1.0991642867966853
-0.6071373598852031
-1.2539205637309667
-0.5183046762597463
0.42891596557688416
-2.364357034061884
-1.4552971973137592
-1.9249172247104656
0.059064400567769404
-2.7053775648289653
-1.6522718006185149
-1.8821046620069715
-0.4441925285849253
-2.5018106175132955
-2.273978716033735
-2.63267353761888
0.1349004326700466
-1.3904143764628825
-2.1989421740263975
0.886035538547852
-1.9814464808619392
-0.6540453204217156
-0.32138653976447684
-0.5319633178294838
0.007120386753992736
-1.7280965529134655
-2.971356182507484
0.7318480071723792
-0.8489153542985662
-0.2494845887102129
2.645303992669134
-0.3086860054427462
-0.2332976166782856
-0.13991161034468308
2.2546869092327344
-0.6699563169592245
1.3281256323308135
-0.893106656220714
1.0914126145334324
-0.4174134300288248
0.24327105467465265
-0.8872995968165063
-0.025535730513444876
0.36356429201116225
1.2875641402191416
-0.1301988331711585
-0.11416240334982342
-1.017379811460133
2.593290773718478
1.0873883802558604
-0.6459219782933447
-0.18887579728828963
1.887915017582544
1.056037323456765
2.1010538123191838
0.5498249360079468
-0.20980060495229014
-0.21817988891621443
1.2507869638138598
2.4610526160524078
-1.2542634170541789
1.698618462038666
1.1160076800722387
0.45758403314334906
-0.685585316107989
0.6988781404209352
-0.6093086406202414
1.8232451263809206
1.389199004729164
0.36785379863248135
0.7351036923725732
2.234487591297646
-1.5880738775391308
-0.4751545147448347
0.56186172494306
0.3179223086180117
-0.04192050324977936
-0.9299588774464894
2.23803593156196
0.6178084366912246
1.3891139653837699
0.6627497681991233
0.29147431056324785
1.0656873478504472
1.5046495629809522
-0.3272011322764955
-1.5205092116769596
-0.1729841363049135
0.9443557914244312
-1.7218581728421907
0.18887685560045733
1.5338673211941245
-0.38704596652436657
1.4349183738751246
-1.3864211246808051
1.0081388576725725
-0.5149975480493739
1.8196550532927374
-0.37611607618866
-2.0905658704722048
1.207077885878082
-1.9943398127917498
-1.0340010348905957
-2.490145706250223
-1.3132096881295845
-0.7816254200613832
-0.42770663189641367
-0.6383102644096884
0.04578256511867329
-2.361749872509078
-1.879109458305471
1.0256681201437803
-0.08545248541484829
-2.46322907828389
-0.666130493234547
0.16329687491100686
-1.7911829377656932
-0.41457725490842634
-0.8009193795855278
-0.19307807764921003
-0.6701179451170914
-1.522140147981856
-1.0500053837188967
-1.3466323073339832
-0.21602374492042542
-1.8059709072110008
-0.01888315459289791
-2.930819076828978
-1.7260245016536788
-0.22505285725483526
-1.874899093554953
-0.08031046312145473
-1.890342265682322
-0.7756086648372706
0.07602314936168941
-0.6027735299917769
1.4175698749717767
-1.16098762090784
