1.3875464253814906
2.1861918119078134
0.492663599375901
-0.14386470312651503
1.3583838795037488
-0.6259036124066168
0.03693721311106085
0.607762208648391
-0.22021998152849098
-0.5354073172969204
-0.37416044907737633
0.43993729294824874
0.7909920362178896
0.4185885040123093
0.2597112380581398
0.33622522153008316
3.614616313172922
1.612506524899832
2.511032081952655
2.661211774225934
2.9691521498924094
4.444719759781508
4.793640935009246
7.663711842838678
15.076095549112209
1.633123935319537e+16
-15.91931007763417
-7.037547170598781
-4.515317660573658
-3.445225934170911
-2.220321568537151
-3.8947748475290918
-2.556471179572314
-1.4434416916027621
-2.4563030915670914
-0.328794269346659
1.8145630795840293
-1.4707586953013598
-0.8461162852033891
-1.0763560179014806
0.028790420792812133
-0.49365465380977613
-0.5951449219723799
2.253953355395731
-1.9964893782777733
-1.66881847156412
-1.652272982651213
-1.0252096866007179
0.35467907385594943
0.9213637702906827
0.9727318286602407
-1.2146199666209647
-0.49213836153992263
-0.10374106171202918
1.582853942706485
-0.16152253771906078
1.4353297971157037
-0.6902504915789307
-0.6806634083844783
1.9878788905945763
1.4538788419658526
1.247295164349145
0.4798661403606948
2.389075789515676
1.549580916714317
2.5752697550402126
2.9231995196772904
2.8656082762179076
2.0474306912425035
2.734809662062633
1.698043351761892
3.487133136754243
6.018454281430906
8.826244817488119
14.629657053548417
5443746451065123.0
-15.16062940904701
-8.670393448793389
-5.677711340448803
-4.810362278717602
-3.5162184581645537
-2.187579122417639
-3.104515342230312
-2.639208534116964
-2.944715053100702
-1.8991433896053427
-2.507904963542239
-1.8582750026310784
-1.4202997346887498
-2.706645052960717
-1.644436186376962
-0.5886639148566781
-1.2585644640636475
0.3990145917887735
-0.6699026065344321
-1.6079807272498907
1.0957615000842347
0.7813753359796712
0.14939867234538357
-0.24188197221558
0.5164055351053038
-0.4322798585230263
-0.05954843917062824
1.9628126908291685
-0.2919992714231391
-0.26448187761050934
1.8424972647772073
0.04139010197562831
0.38032686424150264
1.4964625755613987
0.20692225672287545
-0.013440279859653903
3.088315321188684
1.631716319575486
3.6574360785415907
2.143034744136923
2.380184672500924
1.563421441325001
2.381691570184618
2.989171613786288
2.8197784059640405
3.6532864890288375
4.315538776034032
7.759257194576498
15.08059343949116
3266247870639074.5
-15.267323167663905
-6.324872707951912
-4.746473424637615
-4.837706192973783
-2.827492456872985
-2.6815426585195423
-2.096159854651964
0.6341838267229056
-1.7099669059736955
-1.768174811730034
-0.5195034069113275
-1.6925225705169376
0.44801328318130207
-0.053736373290906414
-0.03389350407183467
-0.012102042396451518
-0.4989266680341958
-1.8255147246664003
-0.9476322960595427
-0.9175462231576558
-1.980171078989407
0.03436496970722677
-0.808592081769181
-0.16955250082622514
0.4129677214924654
0.018042575492960275
1.9388492629270986
-0.31913080069365746
2.050636285486913
-0.7366394013306568
0.4102784090222906
0.38748476633659634
0.6335652726763047
0.45508614830095506
2.4846623885732217
0.6996941447809344
2.6807792133507737
-1.7964574087327991
0.9437858695762074
2.8346704171708064
0.9657845247840807
0.4147700857002379
2.6564241171636365
2.6226244984008775
2.999574875241809
5.488656065258221
5.512208040679905
8.047761312739947
18.460899480421077
2333034193313624.5
-16.181567385427744
-8.878377710847218
-6.234175136032549
-3.948965693286485
-1.8982302482710398
-1.6879776998471312
-2.8907889078081555
-0.6658503341154489
-2.115814064590717
-1.4628393664951382
1.4973682819364924
-0.9445654194596556
-0.9770966113197903
-1.1598807351929776
-1.3731907137650734
-0.8334733595283965
0.004682259239940589
0.16878173968726928
0.6774195739807557
-1.4701664349385408
0.6671742174526958
-0.08563375003849473
-0.8575787470364885
0.43919153579420944
-0.4484976201391655
-0.11629863915181402
-0.10217148729879968
-0.6580228402185575
1.7487160660778107
-0.6503842780430411
0.34767539491715105
0.4725399459263998
-1.1078815758584384
0.4731674033431661
-0.2884984210183943
0.6255794924898599
1.759422266630382
0.6021086402777427
0.3779642710827389
1.4703804169317307
2.230015915216279
3.3321711051907554
2.698068027854879
2.1787145873109908
4.039746252415072
1.193616909512099
4.753438923546164
6.074614194367728
15.512229078517182
1814582150355041.0
-15.6233846740535
-8.079162918052132
-4.935768006083233
-4.154772293670521
-3.5448191771709388
-4.970026595757895
-2.1618484790061503
-2.3400294201394725
-1.9203242203410773
0.2526238594711321
-0.8196493386844149
-2.051381117621148
-0.9120076474491406
-0.4864247851864993
-0.44849903820964415
-1.5198248080116348
1.6497559910244823
-2.248891524598137
0.16287652111260537
0.8049358571776419
-0.30326745519541737
-0.27055019914950207
0.8120228943616208
0.5814749118034075
-1.2971463161226342
-0.9710694869373498
-1.0212737872027577
-0.17409629856430345
-0.5584072560243123
1.1063158909471142
-0.006154281371774206
0.29157726302810627
-0.42763576492564237
0.47108331462943487
0.42545236594236585
0.64664400985503
1.0459650301645464
1.377561789557073
0.7657190957407825
0.9801467164941888
2.083892464423995
-0.037730347285542365
2.520782726550496
3.69638851021841
2.836518028262366
2.9023927278617427
5.366463252326667
8.961269125678736
16.135171141206143
408177829935556.06
-16.043465984255764
-6.8858793801568225
-5.214564971750175
-5.0487019293627675
-4.0976216909998495
-2.1742358532778168
-2.8089290461458436
-3.6897891040137294
-1.3051866154840264
-2.572973700280056
-0.9802641803580464
-0.8516027191354325
-0.742155399096606
-0.7009074814986054
1.0751665511159918
-0.5705222298937699
0.2997909442397714
-0.1553506111210119
-1.1557192175477464
1.2647285740535845
-2.4200255408289726
-1.3715166893996318
-0.6120839931934003
0.20222215229291673
-0.21250780973469172
1.6459100329311267
1.0868425624842328
2.6515266127547497
1.4695666597432604
-0.006613548757821774
-0.016826490725473153
-1.5610131515783927
1.9148652477449088
-0.9554602636880998
-0.08355476403543305
1.4539062118893464
-0.6997253018620772
0.9410312250575521
0.8186747683399845
1.5740632954783453
1.6913137005322703
1.335358147199269
3.1220875933676266
1.4175910339134676
3.8845238214573636
3.511583243856708
5.461844956243285
10.027413991119914
14.192441282808456
-1020057991976307.8
-16.639655964976956
-8.811848776980622
-4.654702731617789
-3.70953267918265
-1.718182075865026
-3.1040521639426037
-2.4434389401244103
-2.2868703230623675
-3.423716151794064
-2.01656696249617
-1.0263152979475179
-0.8723451823513393
0.18286870530870836
0.09115696492287151
-1.0603534552164737
-0.7396297092975468
-0.5564974524996918
-0.5374661961250253
-1.012285497564912
-0.9160911171381884
-1.015435302611662
-1.0304907482768633
1.2986281937882178
0.8205893685857618
-0.027473857891500614
0.46789982235453287
-0.7526359665020222
-2.334819275978802
-0.5038519016702423
0.7412089587190627
-0.7092455585939448
-1.43083966853116
0.09444084731627456
0.3129837525607226
-0.7551886430782181
-0.46113183001900393
0.9187054235282205
0.41304482160065403
1.7317176429361563
1.7544089357286308
1.3975422643090565
2.3555848635659205
2.8968200448715185
2.8226926428227563
4.059656968077566
3.5763898916425965
6.355643404417077
5.782646820161034
16.030879259894867
371079277643963.06
-14.323283493463666
-8.121009403777292
-6.408319725115391
-2.469916271989834
-3.8515788033259453
-4.5372958030480195
-3.090148975847955
0.025247315984811003
-0.7250806219499131
-2.9100394039697033
-0.9880599449617419
-3.166436583970963
-0.9844793206233499
-0.8107306366084276
-1.8266461144352568
-1.5432764414607183
-1.8917747480708345
-2.132003050357393
1.1009864560667078
-0.8025136576419338
0.5715839749931826
0.2636514475951667
0.5954187821341361
0.2604706076743265
