0.0
0.06291466725364976
0.12632937844610817
0.19076020221856674
0.2567563603677268
0.3249196962329063
0.3959280087977212
0.4705642812122516
0.5497546521927701
0.6346192975441481
0.7265425280053609
0.8272719459724756
0.9390625058174922
1.0648918403247918
1.2087923504096094
1.3763819204711734
1.5757478599686512
1.8189932472810668
2.125108173157203
2.525711689447304
3.0776835371752527
3.894742854929856
5.242183581113174
7.915815088305826
15.894544843865265
1.633123935319537e+16
-15.894544843865297
-7.91581508830582
-5.242183581113171
-3.894742854929862
-3.077683537175254
-2.525711689447305
-2.1251081731572024
-1.8189932472810655
-1.57574785996865
-1.3763819204711738
-1.2087923504096092
-1.0648918403247918
-0.9390625058174928
-0.827271945972476
-0.726542528005361
-0.6346192975441481
-0.5497546521927705
-0.47056428121225186
-0.3959280087977215
-0.32491969623290645
-0.2567563603677268
-0.19076020221856668
-0.12632937844610848
-0.06291466725364997
-1.2246467991473532e-16
0.06291466725364972
0.12632937844610823
0.19076020221856688
0.25675636036772703
0.3249196962329067
0.3959280087977217
0.4705642812122515
0.5497546521927696
0.6346192975441478
0.7265425280053607
0.8272719459724756
0.9390625058174924
1.0648918403247911
1.2087923504096096
1.3763819204711731
1.5757478599686523
1.8189932472810664
2.125108173157206
2.525711689447306
3.077683537175252
3.894742854929851
5.242183581113177
7.915815088305804
15.894544843865347
5443746451065123.0
-15.894544843865441
-7.915815088305828
-5.242183581113188
-3.8947428549298566
-3.0776835371752553
-2.5257116894473026
-2.125108173157203
-1.8189932472810642
-1.5757478599686536
-1.3763819204711742
-1.2087923504096105
-1.064891840324792
-0.9390625058174931
-0.8272719459724754
-0.7265425280053612
-0.6346192975441477
-0.5497546521927701
-0.4705642812122509
-0.3959280087977211
-0.32491969623290656
-0.2567563603677274
-0.19076020221856682
-0.1263293784461086
-0.06291466725364965
-2.4492935982947064e-16
0.06291466725364915
0.12632937844610811
0.1907602022185663
0.25675636036772687
0.32491969623290606
0.39592800879772155
0.4705642812122514
0.5497546521927706
0.6346192975441483
0.7265425280053618
0.8272719459724761
0.9390625058174938
1.064891840324793
1.2087923504096094
1.3763819204711754
1.575747859968649
1.818993247281062
2.1251081731572
2.525711689447299
3.0776835371752504
3.8947428549298486
5.242183581113173
7.915815088305797
15.894544843865317
3266247870639074.0
-15.894544843865472
-7.915815088305835
-5.242183581113165
-3.894742854929859
-3.0776835371752567
-2.52571168944731
-2.125108173157199
-1.8189932472810646
-1.575747859968651
-1.3763819204711745
-1.2087923504096065
-1.0648918403247902
-0.9390625058174916
-0.8272719459724757
-0.7265425280053615
-0.634619297544149
-0.5497546521927714
-0.47056428121225324
-0.3959280087977213
-0.32491969623290673
-0.25675636036772753
-0.19076020221856785
-0.1263293784461078
-0.06291466725364976
-3.6739403974420594e-16
0.06291466725364903
0.1263293784461071
0.1907602022185671
0.25675636036772675
0.3249196962329059
0.3959280087977204
0.4705642812122523
0.5497546521927705
0.634619297544148
0.7265425280053602
0.8272719459724773
0.9390625058174936
1.0648918403247924
1.208792350409609
1.3763819204711725
1.5757478599686545
1.8189932472810615
2.125108173157195
2.5257116894473044
3.077683537175249
3.894742854929847
5.242183581113144
7.915815088305845
15.894544843865285
2333034193313624.5
-15.894544843865503
-7.9158150883059
-5.242183581113169
-3.8947428549298606
-3.077683537175258
-2.525711689447311
-2.1251081731571992
-1.818993247281065
-1.5757478599686514
-1.376381920471175
-1.2087923504096068
-1.0648918403247907
-0.9390625058174918
-0.8272719459724758
-0.7265425280053616
-0.6346192975441468
-0.5497546521927716
-0.47056428121225335
-0.3959280087977214
-0.32491969623290684
-0.2567563603677277
-0.190760202218568
-0.12632937844610795
-0.06291466725364989
-4.898587196589413e-16
0.06291466725365069
0.12632937844610695
0.19076020221856696
0.25675636036772664
0.3249196962329038
0.3959280087977203
0.47056428121225
0.5497546521927703
0.6346192975441454
0.7265425280053601
0.8272719459724741
0.9390625058174934
1.0648918403247885
1.2087923504096088
1.376381920471172
1.5757478599686543
1.8189932472810608
2.1251081731572037
2.5257116894473035
3.0776835371752664
3.8947428549298446
5.242183581113192
7.915815088305838
15.894544843865704
1814582150355041.0
-15.894544843865084
-7.915815088305908
-5.2421835811131725
-3.894742854929863
-3.0776835371752407
-2.525711689447312
-2.12510817315721
-1.8189932472810657
-1.575747859968658
-1.3763819204711751
-1.2087923504096114
-1.064891840324791
-0.9390625058174955
-0.827271945972476
-0.7265425280053618
-0.6346192975441469
-0.5497546521927718
-0.47056428121225136
-0.39592800879772155
-0.324919696232905
-0.2567563603677278
-0.19076020221856627
-0.12632937844610806
-0.06291466725364823
-6.123233995736766e-16
0.06291466725365057
0.12632937844610684
0.19076020221856685
0.2567563603677265
0.3249196962329076
0.39592800879772216
0.4705642812122477
0.5497546521927702
0.6346192975441477
0.7265425280053599
0.827271945972474
0.9390625058174898
1.0648918403247882
1.2087923504096127
1.3763819204711665
1.5757478599686539
1.8189932472810681
2.1251081731572032
2.5257116894473026
3.0776835371752465
3.894742854929843
5.242183581113239
7.915815088305717
15.894544843865674
408177829935557.06
-15.894544843865114
-7.915815088305802
-5.242183581113176
-3.8947428549298646
-3.0776835371752607
-2.525711689447313
-2.1251081731572103
-1.818993247281074
-1.5757478599686585
-1.3763819204711705
-1.208792350409616
-1.0648918403247911
-0.9390625058174923
-0.8272719459724762
-0.726542528005362
-0.6346192975441496
-0.549754652192772
-0.47056428121224936
-0.3959280087977237
-0.3249196962329052
-0.25675636036772603
-0.1907602022185664
-0.1263293784461082
-0.06291466725365014
-7.347880794884119e-16
0.06291466725365223
0.1263293784461067
0.19076020221856857
0.2567563603677245
0.32491969623290745
0.39592800879772205
0.47056428121225186
0.54975465219277
0.6346192975441476
0.7265425280053597
0.8272719459724738
0.9390625058174896
1.064891840324788
1.2087923504096125
1.3763819204711663
1.5757478599686534
1.8189932472810675
2.1251081731572024
2.5257116894473017
3.077683537175245
3.894742854929841
5.242183581113236
7.915815088305709
15.894544843865642
-1020057991976307.8
-15.894544843865145
-7.91581508830581
-5.24218358111318
-3.894742854929867
-3.077683537175262
-2.5257116894473137
-2.1251081731571917
-1.8189932472810744
-1.575747859968659
-1.3763819204711707
-1.2087923504096163
-1.0648918403247913
-0.9390625058174926
-0.8272719459724764
-0.7265425280053621
-0.6346192975441498
-0.5497546521927721
-0.47056428121224947
-0.3959280087977239
-0.3249196962329053
-0.25675636036772614
-0.19076020221856652
-0.1263293784461083
-0.06291466725365026
-8.572527594031472e-16
0.0629146672536521
0.1263293784461066
0.19076020221856843
0.25675636036772437
0.32491969623290734
0.3959280087977219
0.47056428121225174
0.5497546521927699
0.6346192975441474
0.7265425280053596
0.8272719459724736
0.9390625058174894
1.0648918403247878
1.208792350409612
1.3763819204711658
1.575747859968653
1.818993247281067
2.125108173157202
2.525711689447301
3.077683537175244
3.894742854929839
5.242183581113232
7.915815088305701
15.894544843865612
371079277643962.44
-15.894544843865177
-7.915815088305818
-5.242183581113183
-3.8947428549298686
-3.0776835371752633
-2.5257116894473146
-2.125108173157192
-1.8189932472810748
-1.5757478599686594
-1.3763819204711711
-1.2087923504096167
-1.0648918403247916
-0.9390625058174928
-0.8272719459724767
-0.7265425280053623
-0.6346192975441499
-0.5497546521927722
-0.47056428121224964
-0.395928008797724
-0.32491969623290545
-0.2567563603677263
-0.19076020221856665
-0.12632937844610845
-0.06291466725365039
